time use in normal  inverse is 1.805ms
time use in Qr      decomposition is 1.615ms
time use in Cholesky decomposition is 0.976ms
Result is Equal
Result is Equal
X1
  -3.20275
   2.00917
  -1.42388
   4.75724
  -3.37883
  -4.58979
  -4.06869
  -1.40704
 -0.849838
   2.54345
     4.129
 -0.775779
  -1.02341
   2.00248
    3.3206
   1.27269
   3.15537
 -0.266218
  -1.13905
  -3.28092
   2.65787
   1.13721
  -1.14728
   1.81384
  -3.01321
 -0.686406
  -0.31244
 -0.915509
   2.03698
  0.872377
  -1.34964
   2.32755
 -0.337258
   1.69207
  -2.86262
  -1.94486
   1.20864
   1.30139
 0.0514718
 -0.781168
 -0.140511
  0.236243
  0.528249
 -0.636057
   1.89867
   2.43797
   5.62383
 -0.243638
    2.7559
 -0.618719
  -1.39553
   1.61603
   2.01357
 -0.468826
 0.0220405
 -0.535843
   -3.9308
    1.9129
 -0.585467
   3.13969
   0.47735
  -2.50282
  -1.59472
   2.59185
  0.786808
  -3.76418
   2.39448
  -1.84067
  -1.86709
  0.720019
 -0.303965
 -0.758331
 -0.106508
 -0.372456
  -1.92112
   1.17004
  0.506682
   1.68861
  0.900261
   3.51295
  -2.74951
   3.17521
     2.933
 -0.974775
-0.0442657
  -3.38838
   1.81209
 -0.530636
   -2.5311
  0.602439
  -1.85963
  -5.21938
  -1.65418
   2.09269
  -0.90607
  -1.77557
  0.582746
    2.3128
-0.0564984
  -1.32888
X2
  -3.20275
   2.00917
  -1.42388
   4.75724
  -3.37883
  -4.58979
  -4.06869
  -1.40704
 -0.849838
   2.54345
     4.129
 -0.775779
  -1.02341
   2.00248
    3.3206
   1.27269
   3.15537
 -0.266218
  -1.13905
  -3.28092
   2.65787
   1.13721
  -1.14728
   1.81384
  -3.01321
 -0.686406
  -0.31244
 -0.915509
   2.03698
  0.872377
  -1.34964
   2.32755
 -0.337258
   1.69207
  -2.86262
  -1.94486
   1.20864
   1.30139
 0.0514718
 -0.781168
 -0.140511
  0.236243
  0.528249
 -0.636057
   1.89867
   2.43797
   5.62383
 -0.243638
    2.7559
 -0.618719
  -1.39553
   1.61603
   2.01357
 -0.468826
 0.0220405
 -0.535843
   -3.9308
    1.9129
 -0.585467
   3.13969
   0.47735
  -2.50282
  -1.59472
   2.59185
  0.786808
  -3.76418
   2.39448
  -1.84067
  -1.86709
  0.720019
 -0.303965
 -0.758331
 -0.106508
 -0.372456
  -1.92112
   1.17004
  0.506682
   1.68861
  0.900261
   3.51295
  -2.74951
   3.17521
     2.933
 -0.974775
-0.0442657
  -3.38838
   1.81209
 -0.530636
   -2.5311
  0.602439
  -1.85963
  -5.21938
  -1.65418
   2.09269
  -0.90607
  -1.77557
  0.582746
    2.3128
-0.0564984
  -1.32888